1134942813
5890541783
1600089800
610693490
842377204
842377204
1026102547
1036477850
925539554
5380783524
1208948153
1499929552
1870039973
5204772926
1543402849
625822970
1487250363
701862940
1090572948
1880625659
6864243080
5294709205
1008990814
1170860661
975200012
1779917377
634678135
2085568465
1225967515
1153588582
944278044
837079736
901278124
1790698588
1638261985
936587473
1250889510
1172178472
1927605109
789154192
5093314548
916661843
892997646
1261178609
7493393074
5972486771
657203226
1145957056
1197726284
5965322738
701514735
5564266689
7087827129
876406838
5067843056
7068655269
5384023585
1280587704
853496248
1676818395
1125599806
5540831658
664319697
1229054578
1137589238
5154809083
1131861802
5491420841
5458219104
6391700049
7153968959
1388287298
634595342
1273524709
1271869364
7124165299
994144049
6356188076
5451591093
6999191935
1048323692
978147547
1058668949
1284040939
1817178166
1908379885
1110360192
5468772543
6500022364
1617787180
1402667653
1390978080
2107516185
2001362924
1402896338
1284550360
500651560
1085875923
889603512
823703864
5459481507
1772565596
848160897
760990459
703446992
1677138502
2012794939
971495241
6445678843
5459116298  
1375406231
1486478006
1882205458
1059561705
7064710178
7081576588
7399129049
890425830
6323014934
1796344664
1420428042
1218077124
1306433369
1107829326
5434640891
6461912761
7164194176
6257950204
1580179948
6271522503
6563114992
1093861864
6061233779
2120376356
1855290925
1063134547
1547433953
625797021
450139112
1149571859
941360341
711289202
806043710
360478297
5458216805
878898690
1328186215
1111433208
1379243582
885644032
6466839819
1631721015
939160852
1918746227
1402994844
1615334894
5448015004
5709229907
800451185
6140944164
1467726933
720350057
1081659068
2113478773
7008780472
5878226032
1288750628
836990231
1126646055
6295671236
5432925058
7436922082
1279332424
1055153152
848267679
5578801900
5339834527
6927036435
1010206429
1020674943
1088723913
7131584492
1249690318
1022795642
2021819817
1652035974
865916703
5091875198
1733333943
829921062
5168726670
7176182944
5057774978
7160474412
6295959624
2069212914
2081728113
980151680
2001283865
5250792191
6898863174
5070094260
6214314172
1691534277
7270127905
1094521527
913114472
698022406
6272185831
1605604715
1449401732
1685231040
1302059475
1082012872
1463441245
493574800
1122423979
5157124645
6689931510
1103055105
1785449386
5059551155
929749577
965255039
781362149
2096274462
966459086
1183609547
763215873
1396649026
2038370177
5359275915
1916801107
6849389830
7224627057
1020389798
5723985719
1006986771
5459116298
7125462360
922779916
